Location_Code,Location,Date,new_case,,new_deaths,total_deaths,total_cases
MYS,Malaysia,2019-12-31,0,,0,0,0
MYS,Malaysia,2020-01-01,0,,0,0,0
MYS,Malaysia,2020-01-02,0,,0,0,0
MYS,Malaysia,2020-01-03,0,,0,0,0
MYS,Malaysia,2020-01-04,0,,0,0,0
MYS,Malaysia,2020-01-05,0,,0,0,0
MYS,Malaysia,2020-01-06,0,,0,0,0
MYS,Malaysia,2020-01-07,0,,0,0,0
MYS,Malaysia,2020-01-08,0,,0,0,0
MYS,Malaysia,2020-01-09,0,,0,0,0
MYS,Malaysia,2020-01-10,0,,0,0,0
MYS,Malaysia,2020-01-11,0,,0,0,0
MYS,Malaysia,2020-01-12,0,,0,0,0
MYS,Malaysia,2020-01-13,0,,0,0,0
MYS,Malaysia,2020-01-14,0,,0,0,0
MYS,Malaysia,2020-01-15,0,,0,0,0
MYS,Malaysia,2020-01-16,0,,0,0,0
MYS,Malaysia,2020-01-17,0,,0,0,0
MYS,Malaysia,2020-01-18,0,,0,0,0
MYS,Malaysia,2020-01-19,0,,0,0,0
MYS,Malaysia,2020-01-20,0,,0,0,0
MYS,Malaysia,2020-01-21,0,,0,0,0
MYS,Malaysia,2020-01-22,0,,0,0,0
MYS,Malaysia,2020-01-23,0,,0,0,0
MYS,Malaysia,2020-01-24,0,,0,0,0
MYS,Malaysia,2020-01-25,3,,0,0,3
MYS,Malaysia,2020-01-26,1,,0,0,4
MYS,Malaysia,2020-01-27,0,,0,0,4
MYS,Malaysia,2020-01-28,0,,0,0,4
MYS,Malaysia,2020-01-29,3,,0,0,7
MYS,Malaysia,2020-01-30,1,,0,0,8
MYS,Malaysia,2020-01-31,0,,0,0,8
MYS,Malaysia,2020-02-01,0,,0,0,8
MYS,Malaysia,2020-02-02,0,,0,0,8
MYS,Malaysia,2020-02-03,0,,0,0,8
MYS,Malaysia,2020-02-04,2,,0,0,10
MYS,Malaysia,2020-02-05,2,,0,0,12
MYS,Malaysia,2020-02-06,0,,0,0,12
MYS,Malaysia,2020-02-07,0,,0,0,12
MYS,Malaysia,2020-02-08,4,,0,0,16
MYS,Malaysia,2020-02-09,0,,0,0,16
MYS,Malaysia,2020-02-10,2,,0,0,18
MYS,Malaysia,2020-02-11,0,,0,0,18
MYS,Malaysia,2020-02-12,0,,0,0,18
MYS,Malaysia,2020-02-13,1,,0,0,19
MYS,Malaysia,2020-02-14,0,,0,0,19
MYS,Malaysia,2020-02-15,3,,0,0,22
MYS,Malaysia,2020-02-16,0,,0,0,22
MYS,Malaysia,2020-02-17,0,,0,0,22
MYS,Malaysia,2020-02-18,0,,0,0,22
MYS,Malaysia,2020-02-19,0,,0,0,22
MYS,Malaysia,2020-02-20,0,,0,0,22
MYS,Malaysia,2020-02-21,0,,0,0,22
MYS,Malaysia,2020-02-22,0,,0,0,22
MYS,Malaysia,2020-02-23,0,,0,0,22
MYS,Malaysia,2020-02-24,0,,0,0,22
MYS,Malaysia,2020-02-25,0,,0,0,22
MYS,Malaysia,2020-02-26,0,,0,0,22
MYS,Malaysia,2020-02-27,1,,0,0,23
MYS,Malaysia,2020-02-28,0,,0,0,23
MYS,Malaysia,2020-02-29,2,,0,0,25
MYS,Malaysia,2020-03-01,4,,0,0,29
MYS,Malaysia,2020-03-02,0,,0,0,29
MYS,Malaysia,2020-03-03,7,,0,0,36
MYS,Malaysia,2020-03-04,14,,0,0,50
MYS,Malaysia,2020-03-05,0,,0,0,50
MYS,Malaysia,2020-03-06,33,,0,0,83
MYS,Malaysia,2020-03-07,10,,0,0,93
MYS,Malaysia,2020-03-08,6,,0,0,99
MYS,Malaysia,2020-03-09,18,,0,0,117
MYS,Malaysia,2020-03-10,12,,0,0,129
MYS,Malaysia,2020-03-11,20,,0,0,149
MYS,Malaysia,2020-03-12,0,,0,0,149
MYS,Malaysia,2020-03-13,48,,0,0,197
MYS,Malaysia,2020-03-14,41,,0,0,238
MYS,Malaysia,2020-03-15,190,,0,0,428
MYS,Malaysia,2020-03-16,138,,0,0,566
MYS,Malaysia,2020-03-17,107,,2,2,673
MYS,Malaysia,2020-03-18,117,,0,2,790
MYS,Malaysia,2020-03-19,110,,0,2,900
MYS,Malaysia,2020-03-20,130,,1,3,1030
MYS,Malaysia,2020-03-21,153,,1,4,1183
MYS,Malaysia,2020-03-22,123,,6,10,1306
MYS,Malaysia,2020-03-23,212,,4,14,1518
MYS,Malaysia,2020-03-24,106,,2,16,1624
MYS,Malaysia,2020-03-25,172,,4,20,1796
MYS,Malaysia,2020-03-26,235,,3,23,2031
MYS,Malaysia,2020-03-27,130,,3,26,2161
MYS,Malaysia,2020-03-28,159,,1,27,2320
MYS,Malaysia,2020-03-29,150,,8,35,2470
MYS,Malaysia,2020-03-30,156,,2,37,2626
MYS,Malaysia,2020-03-31,140,,6,43,2766
MYS,Malaysia,2020-04-01,142,,2,45,2908
MYS,Malaysia,2020-04-02,208,,5,50,3116
MYS,Malaysia,2020-04-03,217,,3,53,3333
MYS,Malaysia,2020-04-04,150,,4,57,3483
MYS,Malaysia,2020-04-05,179,,4,61,3662
MYS,Malaysia,2020-04-06,131,,1,62,3793
MYS,Malaysia,2020-04-07,170,,1,63,3963
MYS,Malaysia,2020-04-08,156,,2,65,4119
MYS,Malaysia,2020-04-09,109,,2,67,4228
MYS,Malaysia,2020-04-10,118,,3,70,4346
MYS,Malaysia,2020-04-11,184,,3,73,4530
MYS,Malaysia,2020-04-12,153,,3,76,4683
MYS,Malaysia,2020-04-13,134,,1,77,4817
MYS,Malaysia,2020-04-14,170,,5,82,4987
MYS,Malaysia,2020-04-15,85,,1,83,5072
MYS,Malaysia,2020-04-16,110,,1,84,5182
MYS,Malaysia,2020-04-17,69,,2,86,5251
MYS,Malaysia,2020-04-18,54,,2,88,5305
MYS,Malaysia,2020-04-19,84,,1,89,5389
MYS,Malaysia,2020-04-20,36,,0,89,5425
MYS,Malaysia,2020-04-21,57,,3,92,5482
MYS,Malaysia,2020-04-22,50,,1,93,5532
MYS,Malaysia,2020-04-23,71,,2,95,5603
MYS,Malaysia,2020-04-24,88,,1,96,5691
MYS,Malaysia,2020-04-25,51,,2,98,5742
MYS,Malaysia,2020-04-26,38,,0,98,5780
MYS,Malaysia,2020-04-27,40,,1,99,5820
MYS,Malaysia,2020-04-28,31,,1,100,5851
MYS,Malaysia,2020-04-29,94,,0,100,5945
MYS,Malaysia,2020-04-30,57,,2,102,6002
MYS,Malaysia,2020-05-01,69,,1,103,6071
MYS,Malaysia,2020-05-02,105,,0,103,6176
MYS,Malaysia,2020-05-03,122,,2,105,6298
MYS,Malaysia,2020-05-04,55,,0,105,6353
MYS,Malaysia,2020-05-05,30,,1,106,6383
MYS,Malaysia,2020-05-06,45,,1,107,6428
MYS,Malaysia,2020-05-07,39,,0,107,6467
MYS,Malaysia,2020-05-08,68,,0,107,6535
MYS,Malaysia,2020-05-09,54,,1,108,6589
MYS,Malaysia,2020-05-10,67,,0,108,6656
MYS,Malaysia,2020-05-11,70,,1,109,6726
MYS,Malaysia,2020-05-12,16,,0,109,6742
MYS,Malaysia,2020-05-13,37,,2,111,6779
MYS,Malaysia,2020-05-14,40,,1,112,6819
MYS,Malaysia,2020-05-15,36,,0,112,6855
MYS,Malaysia,2020-05-16,17,,1,113,6872
MYS,Malaysia,2020-05-17,22,,0,113,6894
MYS,Malaysia,2020-05-18,47,,0,113,6941
MYS,Malaysia,2020-05-19,37,,1,114,6978
MYS,Malaysia,2020-05-20,31,,0,114,7009
MYS,Malaysia,2020-05-21,50,,0,114,7059
MYS,Malaysia,2020-05-22,78,,1,115,7137
MYS,Malaysia,2020-05-23,48,,0,115,7185
MYS,Malaysia,2020-05-24,60,,0,115,7245
MYS,Malaysia,2020-05-25,172,,0,115,7417
MYS,Malaysia,2020-05-26,187,,0,115,7604
MYS,Malaysia,2020-05-27,15,,0,115,7619
MYS,Malaysia,2020-05-28,10,,0,115,7629
MYS,Malaysia,2020-05-29,103,,0,115,7732
MYS,Malaysia,2020-05-30,30,,0,115,7762
MYS,Malaysia,2020-05-31,57,,0,115,7819
MYS,Malaysia,2020-06-01,38,,0,115,7857
MYS,Malaysia,2020-06-02,20,,0,115,7877
MYS,Malaysia,2020-06-03,93,,0,115,7970
MYS,Malaysia,2020-06-04,277,,0,115,8247
MYS,Malaysia,2020-06-05,19,,1,116,8266
MYS,Malaysia,2020-06-06,37,,1,117,8303
MYS,Malaysia,2020-06-07,19,,0,117,8322
MYS,Malaysia,2020-06-08,7,,0,117,8329
MYS,Malaysia,2020-06-09,7,,0,117,8336
MYS,Malaysia,2020-06-10,2,,1,118,8338
MYS,Malaysia,2020-06-11,31,,0,118,8369
MYS,Malaysia,2020-06-12,33,,1,119,8402
MYS,Malaysia,2020-06-13,43,,1,120,8445
MYS,Malaysia,2020-06-14,8,,1,121,8453
MYS,Malaysia,2020-06-15,41,,0,121,8494
MYS,Malaysia,2020-06-16,11,,0,121,8505
MYS,Malaysia,2020-06-17,10,,0,121,8515
MYS,Malaysia,2020-06-18,14,,0,121,8529
MYS,Malaysia,2020-06-19,6,,0,121,8535
MYS,Malaysia,2020-06-20,21,,0,121,8556
MYS,Malaysia,2020-06-21,16,,0,121,8572
MYS,Malaysia,2020-06-22,15,,0,121,8587
MYS,Malaysia,2020-06-23,3,,0,121,8590
MYS,Malaysia,2020-06-24,6,,0,121,8596
MYS,Malaysia,2020-06-25,4,,0,121,8600
MYS,Malaysia,2020-06-26,6,,0,121,8606
MYS,Malaysia,2020-06-27,10,,0,121,8616
MYS,Malaysia,2020-06-28,18,,0,121,8634
MYS,Malaysia,2020-06-29,3,,0,121,8637
MYS,Malaysia,2020-06-30,2,,0,121,8639
MYS,Malaysia,2020-07-01,1,,0,121,8640
MYS,Malaysia,2020-07-02,3,,0,121,8643
MYS,Malaysia,2020-07-03,5,,0,121,8648
MYS,Malaysia,2020-07-04,10,,0,121,8658
MYS,Malaysia,2020-07-05,5,,0,121,8663
MYS,Malaysia,2020-07-06,5,,0,121,8668
MYS,Malaysia,2020-07-07,6,,0,121,8674
MYS,Malaysia,2020-07-08,3,,0,121,8677
MYS,Malaysia,2020-07-09,6,,0,121,8683
MYS,Malaysia,2020-07-10,13,,0,121,8696
MYS,Malaysia,2020-07-11,8,,1,122,8704
MYS,Malaysia,2020-07-12,14,,0,122,8718
MYS,Malaysia,2020-07-13,7,,0,122,8725
MYS,Malaysia,2020-07-14,4,,0,122,8729
MYS,Malaysia,2020-07-15,5,,0,122,8734
MYS,Malaysia,2020-07-16,3,,0,122,8737
MYS,Malaysia,2020-07-17,18,,0,122,8755
MYS,Malaysia,2020-07-18,9,,0,122,8764
MYS,Malaysia,2020-07-19,15,,1,123,8779
MYS,Malaysia,2020-07-20,21,,0,123,8800
MYS,Malaysia,2020-07-21,15,,0,123,8815
MYS,Malaysia,2020-07-22,16,,0,123,8831
MYS,Malaysia,2020-07-23,9,,0,123,8840
MYS,Malaysia,2020-07-24,21,,0,123,8861
MYS,Malaysia,2020-07-25,23,,0,123,8884
MYS,Malaysia,2020-07-26,13,,1,124,8897
MYS,Malaysia,2020-07-27,7,,0,124,8904
MYS,Malaysia,2020-07-28,39,,0,124,8943
MYS,Malaysia,2020-07-29,13,,0,124,8956
MYS,Malaysia,2020-07-30,8,,0,124,8964
MYS,Malaysia,2020-07-31,12,,1,125,8976
MYS,Malaysia,2020-08-01,9,,0,125,8985
MYS,Malaysia,2020-08-02,14,,0,125,8999
MYS,Malaysia,2020-08-03,2,,0,125,9001
MYS,Malaysia,2020-08-04,1,,0,125,9002
MYS,Malaysia,2020-08-05,21,,0,125,9023
MYS,Malaysia,2020-08-06,15,,0,125,9038
MYS,Malaysia,2020-08-07,25,,0,125,9063
MYS,Malaysia,2020-08-08,7,,0,125,9070
MYS,Malaysia,2020-08-09,13,,0,125,9083
MYS,Malaysia,2020-08-10,11,,0,125,9094
MYS,Malaysia,2020-08-11,9,,0,125,9103
MYS,Malaysia,2020-08-12,11,,0,125,9114
MYS,Malaysia,2020-08-13,15,,0,125,9129
MYS,Malaysia,2020-08-14,20,,0,125,9149
MYS,Malaysia,2020-08-15,26,,0,125,9175
MYS,Malaysia,2020-08-16,25,,0,125,9200
MYS,Malaysia,2020-08-17,12,,0,125,9212
MYS,Malaysia,2020-08-18,7,,0,125,9219
MYS,Malaysia,2020-08-19,16,,0,125,9235
MYS,Malaysia,2020-08-20,5,,0,125,9240
MYS,Malaysia,2020-08-21,9,,0,125,9249
MYS,Malaysia,2020-08-22,8,,0,125,9257
MYS,Malaysia,2020-08-23,10,,0,125,9267
MYS,Malaysia,2020-08-24,7,,0,125,9274
MYS,Malaysia,2020-08-25,11,,0,125,9285
MYS,Malaysia,2020-08-26,6,,0,125,9291
MYS,Malaysia,2020-08-27,5,,0,125,9296
MYS,Malaysia,2020-08-28,10,,0,125,9306
MYS,Malaysia,2020-08-29,11,,0,125,9317
MYS,Malaysia,2020-08-30,17,,1,126,9334
MYS,Malaysia,2020-08-31,6,,1,127,9340
MYS,Malaysia,2020-09-01,14,,1,128,9354
MYS,Malaysia,2020-09-02,6,,0,128,9360
MYS,Malaysia,2020-09-03,14,,0,128,9374
MYS,Malaysia,2020-09-04,11,,0,128,9385
MYS,Malaysia,2020-09-05,6,,0,128,9391
MYS,Malaysia,2020-09-06,6,,0,128,9397
MYS,Malaysia,2020-09-07,62,,0,128,9459
MYS,Malaysia,2020-09-08,100,,0,128,9559
MYS,Malaysia,2020-09-09,24,,0,128,9583
MYS,Malaysia,2020-09-10,45,,0,128,9628
MYS,Malaysia,2020-09-11,182,,0,128,9810
MYS,Malaysia,2020-09-12,58,,0,128,9868
MYS,Malaysia,2020-09-13,47,,0,128,9915
MYS,Malaysia,2020-09-14,31,,0,128,9946
MYS,Malaysia,2020-09-15,23,,0,128,9969
MYS,Malaysia,2020-09-16,62,,0,128,10031
MYS,Malaysia,2020-09-17,21,,0,128,10052
MYS,Malaysia,2020-09-18,95,,1,129,10147
MYS,Malaysia,2020-09-19,20,,1,130,10167
MYS,Malaysia,2020-09-20,52,,0,130,10219
MYS,Malaysia,2020-09-21,57,,0,130,10276
MYS,Malaysia,2020-09-22,82,,0,130,10358
MYS,Malaysia,2020-09-23,147,,3,133,10505
MYS,Malaysia,2020-09-24,71,,0,133,10576
MYS,Malaysia,2020-09-25,111,,0,133,10687
MYS,Malaysia,2020-09-26,82,,0,133,10769
MYS,Malaysia,2020-09-27,150,,1,134,10919
MYS,Malaysia,2020-09-28,115,,0,134,11034
MYS,Malaysia,2020-09-29,101,,0,134,11135
MYS,Malaysia,2020-09-30,89,,2,136,11224
MYS,Malaysia,2020-10-01,260,,0,136,11484
MYS,Malaysia,2020-10-02,287,,0,136,11771
MYS,Malaysia,2020-10-03,317,,1,137,12088
MYS,Malaysia,2020-10-04,293,,0,137,12381
MYS,Malaysia,2020-10-05,432,,0,137,12813
MYS,Malaysia,2020-10-06,691,,4,141,13504
MYS,Malaysia,2020-10-07,489,,0,141,13993
MYS,Malaysia,2020-10-08,375,,5,146,14368
MYS,Malaysia,2020-10-09,354,,6,152,14722
MYS,Malaysia,2020-10-10,374,,3,155,15096
MYS,Malaysia,2020-10-11,561,,2,157,15657
MYS,Malaysia,2020-10-12,563,,2,159,16220
MYS,Malaysia,2020-10-13,660,,4,163,16880
MYS,Malaysia,2020-10-14,660,,4,167,17540
MYS,Malaysia,2020-10-15,589,,3,170,18129
MYS,Malaysia,2020-10-16,629,,6,176,18758
MYS,Malaysia,2020-10-17,869,,4,180,19627
MYS,Malaysia,2020-10-18,871,,7,187,20498
MYS,Malaysia,2020-10-19,865,,3,190,21363
MYS,Malaysia,2020-10-20,862,,3,193,22225
MYS,Malaysia,2020-10-21,732,,6,199,22957
MYS,Malaysia,2020-10-22,847,,5,204,23804
MYS,Malaysia,2020-10-23,710,,10,214,24514
MYS,Malaysia,2020-10-24,1228,,7,221,25742
MYS,Malaysia,2020-10-25,823,,8,229,26565
MYS,Malaysia,2020-10-26,1240,,7,236,27805
MYS,Malaysia,2020-10-27,835,,2,238,28640
MYS,Malaysia,2020-10-28,801,,8,246,29441
MYS,Malaysia,2020-10-29,649,,0,246,30090
MYS,Malaysia,2020-10-30,799,,3,249,30889
MYS,Malaysia,2020-10-31,659,,0,249,31548
MYS,Malaysia,2020-11-01,957,,0,249,32505
MYS,Malaysia,2020-11-02,834,,2,251,33339
MYS,Malaysia,2020-11-03,1054,,12,263,34393
MYS,Malaysia,2020-11-04,1032,,8,271,35425
MYS,Malaysia,2020-11-05,1009,,6,277,36434
MYS,Malaysia,2020-11-06,1755,,2,279,38189
MYS,Malaysia,2020-11-07,1168,,3,282,39357
MYS,Malaysia,2020-11-08,852,,4,286,40209
MYS,Malaysia,2020-11-09,972,,8,294,41181
MYS,Malaysia,2020-11-10,869,,6,300,42050
MYS,Malaysia,2020-11-11,822,,2,302,42872
MYS,Malaysia,2020-11-12,919,,1,303,43791
MYS,Malaysia,2020-11-13,1304,,1,304,45095
MYS,Malaysia,2020-11-14,1114,,2,306,46209
MYS,Malaysia,2020-11-15,1208,,3,309,47417
MYS,Malaysia,2020-11-16,1103,,4,313,48520
MYS,Malaysia,2020-11-17,1210,,5,318,49730
MYS,Malaysia,2020-11-18,660,,4,322,50390
MYS,Malaysia,2020-11-19,1290,,4,326,51680
MYS,Malaysia,2020-11-20,958,,3,329,52638
MYS,Malaysia,2020-11-21,1041,,3,332,53679
MYS,Malaysia,2020-11-22,1096,,3,335,54775
MYS,Malaysia,2020-11-23,1884,,2,337,56659
MYS,Malaysia,2020-11-24,2188,,4,341,58847
MYS,Malaysia,2020-11-25,970,,4,345,59817
MYS,Malaysia,2020-11-26,935,,3,348,60752
MYS,Malaysia,2020-11-27,1109,,2,350,61861
MYS,Malaysia,2020-11-28,1315,,4,354,63176
MYS,Malaysia,2020-11-29,1309,,3,357,64485
MYS,Malaysia,2020-11-30,1212,,3,360,65697
MYS,Malaysia,2020-12-01,1472,,3,363,67169
MYS,Malaysia,2020-12-02,851,,2,365,68020
MYS,Malaysia,2020-12-03,1075,,11,376,69095
MYS,Malaysia,2020-12-04,1141,,0,376,70236
MYS,Malaysia,2020-12-05,1123,,4,380,71359
MYS,Malaysia,2020-12-06,1335,,2,382,72694
MYS,Malaysia,2020-12-07,1600,,2,384,74294
MYS,Malaysia,2020-12-08,1012,,4,388,75306
MYS,Malaysia,2020-12-09,959,,5,393,76265
MYS,Malaysia,2020-12-10,2234,,3,396,78499
MYS,Malaysia,2020-12-11,1810,,6,402,80309
MYS,Malaysia,2020-12-12,1937,,9,411,82246
MYS,Malaysia,2020-12-13,1229,,4,415,83475
MYS,Malaysia,2020-12-14,1371,,4,419,84846
MYS,Malaysia,2020-12-15,1772,,3,422,86618
MYS,Malaysia,2020-12-16,1295,,7,429,87913
MYS,Malaysia,2020-12-17,1220,,3,432,89133
MYS,Malaysia,2020-12-18,1683,,0,432,90816
MYS,Malaysia,2020-12-19,1153,,1,433,91969
MYS,Malaysia,2020-12-20,1340,,4,437,93309
MYS,Malaysia,2020-12-21,2018,,1,438,95327
MYS,Malaysia,2020-12-22,2062,,1,439,97389
MYS,Malaysia,2020-12-23,1348,,5,444,98737
MYS,Malaysia,2020-12-24,1581,,2,446,100318
MYS,Malaysia,2020-12-25,1247,,3,449,101565
MYS,Malaysia,2020-12-26,2335,,2,451,103900
MYS,Malaysia,2020-12-27,1196,,1,452,105096
MYS,Malaysia,2020-12-28,1594,,3,455,106690
MYS,Malaysia,2020-12-29,1925,,2,457,108615
MYS,Malaysia,2020-12-30,1870,,6,463,110485
MYS,Malaysia,2020-12-31,2525,,8,471,113010
MYS,Malaysia,2021-01-01,2068,,3,474,115078
MYS,Malaysia,2021-01-02,2295,,9,483,117373
MYS,Malaysia,2021-01-03,1704,,11,494,119077
